Ball 555 115 -1 1
Ball 598 118 -1 1
Ball 528 128 -1 1
Paddle 212 500 20 96
Ball 225.352 453.374 1.22404 -0.708347
Paddle 110 500 20 96
BlocksMap 10 10 77 28
5 5 5 5 0 5 5 5 5 5 
1 1 1 0 0 0 1 0 1 1 
2 2 2 0 0 0 0 0 0 2 
3 3 0 0 0 0 0 0 0 0 
4 0 0 0 0 0 0 0 0 4 
0 0 0 0 0 0 0 0 0 0 
4 0 0 0 0 0 0 0 0 0 
3 0 0 0 0 0 0 0 0 3 
2 2 0 0 0 0 0 0 0 2 
1 1 1 1 0 0 0 1 1 1 
BlocksMap 10 10 77 28
5 5 5 0 0 5 5 5 5 5 
1 1 1 0 0 0 1 0 0 1 
2 2 2 0 0 0 0 0 0 2 
3 3 0 0 0 0 0 0 0 0 
4 0 0 0 0 0 0 0 0 0 
0 0 0 0 0 0 0 0 0 0 
4 0 0 0 0 0 0 0 0 0 
3 0 0 0 0 0 0 0 0 3 
2 2 0 0 0 0 0 0 0 2 
1 1 1 1 0 0 0 0 1 1 
